jails:
  lal:
    world: 6645f3f9-bc6b-4635-9e64-647695819d10
    world-name: world
    x: 1215.6411496371325
    y: 81.99313547219361
    z: 548.824541171943
    yaw: 165.9277801513672
    pitch: 12.749832153320312
